"nutM_code","year","year_start","year_end","response","temperature_winter","temperature_fall","precipitation_spring","precipitation_fall","relative_humidity_winter","relative_humidity_fall","pastures","urbanAreas","primaryNonForest"
"ES300",NA,2018,2019,1,5.49565887451172,14.8063793182373,2.25901961326599,2.02173161506653,72.9020538330078,65.5598220825195,0.0678505823016167,0.084824912250042,0.132776632905006
"ES511",NA,2018,2023,1,6.77914190292358,15.0516309738159,2.64419770240784,2.85864686965942,76.0034866333008,76.8325729370117,0.0536637790501118,0.0647393316030502,0.0898571386933327
"ES620",2018,NA,NA,1,9.39843559265137,17.5242195129395,1.10542619228363,2.28404808044434,66.4408798217773,74.2530899047852,0,0.0130543699488044,0.100304499268532
"FR101",NA,2021,2024,1,5.88631343841553,12.9079170227051,2.2415087223053,2.66471195220947,85.8330688476562,82.7450942993164,0.0201632156968117,0.584239900112152,0
"FR103",2024,NA,NA,1,6.68035984039307,12.0455474853516,3.1075131893158,3.10966205596924,86.7337188720703,87.1469345092773,0.0997712910175323,0.17278541624546,5.19619125505244e-10
"FR105",2024,NA,NA,1,6.79436635971069,12.2253150939941,3.1697096824646,3.20875120162964,86.3818893432617,86.899040222168,0.0202324278652668,0.587596118450165,0
"FR106",2024,NA,NA,1,6.7586498260498,12.2490463256836,3.24205088615417,3.18708205223083,86.4730834960938,86.8545379638672,0.047536164522171,0.412457764148712,0
"FR107",NA,2023,2024,1,6.05365324020386,13.2384824752808,2.78441047668457,3.07588815689087,85.6035842895508,83.3146514892578,0.0417632274329662,0.448300451040268,0
"FRI11",2023,NA,NA,1,6.20375061035156,15.8183698654175,2.60496425628662,4.5321741104126,81.7106246948242,75.7765274047852,0.149372264742851,0.011487421579659,2.4858086509344e-12
"FRJ12",NA,2015,2023,1,7.02365303039551,14.7603492736816,2.40605640411377,3.79389762878418,73.5801391601562,71.4378356933594,0.0891113057732582,0.0311399213969707,0
"FRJ13",NA,2014,2024,1,7.54493522644043,14.963231086731,2.57781267166138,3.8411979675293,77.2443618774414,75.8749237060547,0.0823164656758308,0.0267599858343601,9.59500881525521e-11
"FRJ14",2024,NA,NA,1,4.16012144088745,10.4893112182617,5.93870115280151,5.04465579986572,80.116569519043,82.768798828125,0.109669499099255,0.00405579432845116,0
"FRJ15",NA,2022,2024,1,6.37568426132202,14.5962476730347,2.77838492393494,2.21508884429932,70.5835647583008,74.023567199707,0.0499340780079365,0.0177181288599968,0.137894824147224
"FRJ23",2022,NA,NA,1,6.10991191864014,15.5450239181519,2.77657008171082,2.7504825592041,78.4613418579102,72.3818130493164,0.195440635085106,0.0295033417642117,0.0500931777060032
"FRJ26",NA,2022,2024,1,4.08515644073486,12.2905712127686,4.02361536026001,4.06741952896118,76.8634796142578,77.8733673095703,0.123817518353462,0.0134362485259771,0.14329007267952
"FRJ28",2022,NA,NA,1,6.52983856201172,16.5965747833252,2.111971616745,2.44002175331116,82.8007965087891,73.0000534057617,0.205050110816956,0.0321351699531078,0
"FRK21",2023,NA,NA,1,4.66959381103516,13.9719552993774,3.97415065765381,5.43906259536743,80.2929916381836,74.9662704467773,0.165248185396194,0.0370873622596264,1.89910676300376e-16
"FRK23",NA,2023,2024,1,4.85844421386719,12.9987678527832,3.77675008773804,3.8937554359436,78.3903884887695,76.1687088012695,0.103962227702141,0.0162618048489094,0
"FRK24",2023,NA,NA,1,2.19571232795715,11.8285503387451,4.03340339660645,5.12608337402344,77.3712005615234,75.7219390869141,0.113890551030636,0.0396101251244545,0
"FRK26",NA,2019,2023,1,4.92155408859253,13.0505056381226,2.34502792358398,3.25429224967957,81.5723724365234,76.8338317871094,0.209010928869247,0.11165289580822,2.73069128513802e-16
"FRL01",2023,NA,NA,1,2.18773365020752,11.6608057022095,2.82584071159363,3.71647310256958,69.989875793457,71.0256729125977,0.05002636089921,0.0066984505392611,0
"FRL03",NA,2010,2024,1,3.25861358642578,11.6428318023682,3.34435105323792,3.87603616714478,70.4660263061523,75.7019119262695,0.0293697845190763,0.0404334403574467,2.0105531822745e-12
"FRL04",NA,2013,2023,1,8.37583446502686,16.4221343994141,1.81087327003479,2.7651515007019,73.4090576171875,71.2035522460938,0.0856758132576942,0.0637468621134758,8.24838947144357e-11
"FRL05",NA,2010,2024,1,7.25008726119995,15.3472414016724,2.27760243415833,3.17545437812805,72.3829574584961,72.4832305908203,0.0361515432596207,0.0285622123628855,7.5373224328601e-10
"FRL06",2024,NA,NA,1,6.96055030822754,14.1757392883301,4.1517219543457,3.87790417671204,76.2371139526367,76.6646575927734,0.117670223116875,0.0356548726558685,0
"FRM01",2022,NA,NA,1,9.63751602172852,18.3851470947266,1.96170699596405,3.05751466751099,74.4746398925781,73.4248352050781,0.0192881096154451,0.00466243550181389,2.22029106211608e-09
"HR033",2024,NA,NA,1,8.09428215026855,15.0192537307739,4.00943851470947,4.89656782150269,77.2946472167969,75.7457580566406,0.0626592487096786,0.00349151366390288,0.00163768988568336
"HR037",2010,NA,NA,1,8.06940460205078,16.0477886199951,4.65736436843872,7.78431987762451,75.0614013671875,74.676025390625,0.13953523337841,0.00195458577945828,0.034299973398447
"ITC33",2023,NA,NA,1,8.20810699462891,16.9532203674316,2.24326968193054,4.68889904022217,77.6405258178711,75.0633926391602,0.0314780808985233,0.0500907972455025,3.38802375043912e-10
"ITC42",2024,NA,NA,1,3.55641222000122,10.8713111877441,7.09098672866821,5.67850017547607,76.5630569458008,79.4071578979492,0.0420612655580044,0.206431433558464,0
"ITC43",2024,NA,NA,1,3.95196342468262,11.3151836395264,7.00955486297607,5.72823429107666,76.7579116821289,79.4704208374023,0.0364063456654549,0.255179971456528,0
"ITC44",2024,NA,NA,1,-2.57187867164612,5.14958143234253,5.98629140853882,4.69029426574707,73.2115707397461,78.5640640258789,0.0709931552410126,0.00852917786687613,0
"ITC46",2023,NA,NA,1,2.83832383155823,12.1086149215698,4.03329563140869,5.41782808303833,75.0376663208008,77.2997741699219,0.0631231293082237,0.100907027721405,0
"ITC47",2023,NA,NA,1,2.82197880744934,12.1333904266357,3.68117713928223,4.46820449829102,75.9935684204102,77.5675506591797,0.0628780946135521,0.0521054938435555,0
"ITC49",2023,NA,NA,1,6.25261449813843,16.0208492279053,2.65827250480652,3.52460074424744,81.7810211181641,75.3898239135742,0.0919737964868546,0.0833575055003166,0
"ITC4B",2022,NA,NA,1,4.98034048080444,16.1286029815674,1.50542891025543,2.54254341125488,80.4667434692383,77.1743698120117,0.0981299206614494,0.0653705075383186,3.85388847223494e-16
"ITC4C",NA,2022,2024,1,5.45769834518433,14.7194356918335,3.76139307022095,4.38669157028198,77.880256652832,77.3194580078125,0.0539664663374424,0.159863904118538,0
"ITF31",2017,NA,NA,1,7.18717288970947,15.0710525512695,1.74022793769836,4.08072233200073,75.6202774047852,75.2600402832031,0.0876586884260178,0.0483913272619247,8.83675563279063e-11
"ITF35",2024,NA,NA,1,9.84129428863525,16.6457767486572,2.89936709403992,3.33816838264465,79.5890197753906,76.8888092041016,0.0628804340958595,0.0350076779723167,2.84761880742224e-10
"ITF48",2023,NA,NA,1,9.88593482971191,19.8794555664062,3.02015018463135,1.45643377304077,77.5142440795898,67.9729309082031,0.12374672293663,0.0507704950869083,2.40401691609105e-11
"ITF63",2017,NA,NA,1,9.05554485321045,16.7246704101562,1.38307213783264,2.81839036941528,75.7588729858398,74.1139526367188,0.0852913856506348,0.0247394219040871,7.74026259753313e-11
"ITF65",NA,2017,2024,1,11.4465951919556,19.5136528015137,2.00082945823669,3.14206409454346,76.2675399780273,76.7229461669922,0.0389667078852654,0.0348394550383091,3.44747647096355e-10
"ITH10",2017,NA,NA,1,-5.07707023620605,3.14492034912109,3.32319593429565,3.73157978057861,64.0541687011719,74.7433776855469,0.0972045361995697,0.0125470692291856,0
"ITH32",2020,NA,NA,1,4.70448970794678,12.4884262084961,3.13613057136536,3.77446532249451,74.9328460693359,78.0933151245117,0.0771707147359848,0.0642405077815056,0
"ITH34",NA,2020,2024,1,4.99612951278687,13.994236946106,3.7978343963623,4.10351610183716,78.9271392822266,77.718864440918,0.060800313949585,0.0885110273957253,0
"ITH35",2024,NA,NA,1,6.75613403320312,15.2168254852295,5.61198472976685,5.79187679290771,82.7364349365234,77.6088638305664,0.0530873723328114,0.05509377643466,0
"ITH36",2023,NA,NA,1,6.1968560218811,16.162036895752,3.07433772087097,3.02489924430847,80.6118011474609,75.1426544189453,0.0768638253211975,0.0804055407643318,0
"ITH54",NA,2017,2023,1,4.68239974975586,14.2940320968628,3.16661286354065,3.47987627983093,79.5179901123047,78.7074813842773,0.0942387282848358,0.0462903492152691,9.2482350021807e-16
"ITH57",2007,NA,NA,1,7.7286171913147,13.6915254592896,2.23118543624878,2.32167220115662,81.6174011230469,71.8825225830078,0.104630887508392,0.0329006761312485,3.21029106076232e-11
"ITH57",2017,NA,NA,1,5.18328189849854,14.3819341659546,1.33169448375702,3.72409462928772,77.984130859375,75.6007080078125,0.0973807573318481,0.0372259095311165,3.21029106076232e-11
"ITI14",2023,NA,NA,1,6.65613746643066,16.288553237915,3.42462873458862,3.88110041618347,83.5110473632812,73.8985137939453,0.0610033720731735,0.0770649462938309,1.65033817774857e-12
"ITI16",2023,NA,NA,1,10.7213125228882,19.4680557250977,2.17649173736572,3.09527897834778,77.7100296020508,74.1330413818359,0.0342862457036972,0.0212050322443247,1.46910261733524e-11
"ITI18",2023,NA,NA,1,6.22489070892334,15.8042402267456,3.49422073364258,3.40928173065186,83.6497955322266,74.7079238891602,0.0633325800299644,0.0190101936459541,6.45249749898352e-13
"ITI19",NA,2017,2024,1,6.83731889724731,15.5171566009521,2.56605553627014,3.5128743648529,78.7544937133789,76.8382110595703,0.0917226374149323,0.0194863267242908,2.35772318335492e-10
"ITI32",NA,2017,2024,1,7.57996940612793,16.2646389007568,2.2770938873291,2.70441699028015,76.5644073486328,75.5017547607422,0.079507127404213,0.0296367984265089,8.81235882876918e-12
"ITI33",2024,NA,NA,1,8.10555362701416,15.0142984390259,2.65095782279968,3.48433542251587,76.0434875488281,77.3077545166016,0.076589547097683,0.0190266370773315,5.47078604219759e-18
"ITI43",NA,2017,2024,1,8.56034851074219,16.9417133331299,2.64444971084595,4.14162302017212,76.2333450317383,76.3199234008789,0.071224756538868,0.120416723191738,6.39906183597105e-11
"ITI44",NA,2017,2023,1,9.6792163848877,18.0262966156006,2.47301340103149,4.69450426101685,75.0243911743164,75.8984985351562,0.0577019117772579,0.0651518404483795,1.13331427575858e-10
"NO073",2017,NA,NA,0,-6.23231649398804,0.957306027412415,1.68174409866333,1.62852370738983,83.5302963256836,86.567626953125,7.94190855231136e-05,0.000445040845079347,0.0385815910995007
"NO073",2018,NA,NA,0,-9.5866231918335,2.52602362632751,1.55166220664978,2.09350204467773,82.9218521118164,85.518913269043,7.619852112839e-05,0.00045111303916201,0.0385815054178238
"NO073",2023,NA,NA,0,-6.69020986557007,-0.22375413775444,1.83494186401367,2.35230398178101,83.2370681762695,85.5138473510742,8.30079734441824e-05,0.000487058336148039,0.0385801717638969
"NO072",2023,NA,NA,0,-5.37321138381958,-0.0783255398273468,3.372239112854,3.09253907203674,80.2394485473633,83.1430282592773,0.00023104420688469,0.0018751029856503,0.00914517417550087
"NO071",2020,NA,NA,0,-2.11652016639709,4.504563331604,5.6340823173523,6.16744184494019,82.32275390625,83.3190994262695,0.000960104283876717,0.0017589470371604,0.0113112106919289
"NO072",2018,NA,NA,0,-8.8251781463623,2.97276282310486,2.18925309181213,3.7328634262085,78.0193786621094,83.7310562133789,0.000232786856940947,0.00173341610934585,0.0091456500813365
"NO072",2024,NA,NA,0,-8.18332481384277,3.02218270301819,1.99694812297821,4.83795690536499,78.1927337646484,81.670539855957,0.000229736251640134,0.00190424360334873,0.009145169518888
"NO071",2024,NA,NA,0,-6.49146795272827,4.09863185882568,2.40795111656189,7.20975589752197,79.2417602539062,84.1311569213867,0.000964935054071248,0.00187084812205285,0.0113095659762621
"NO071",2017,NA,NA,0,-2.40871977806091,3.44531536102295,4.3106803894043,3.32029366493225,82.7776718139648,80.8952331542969,0.000956785515882075,0.00167621846776456,0.0113144824281335
"NO071",2022,NA,NA,0,-5.8817572593689,3.7210202217102,5.31324672698975,3.56666803359985,78.7425994873047,81.5367965698242,0.00095741607947275,0.00181585818063468,0.0113106295466423
"SEG226078",2024,NA,NA,0,-11.8907680511475,1.94579684734344,1.47878444194794,3.45796942710876,80.5791854858398,81.6992111206055,2.04245898203226e-05,7.5847732659895e-05,0
"NO071",2020,NA,NA,0,-2.11652016639709,4.504563331604,5.6340823173523,6.16744184494019,82.32275390625,83.3190994262695,0.000960104283876717,0.0017589470371604,0.0113112106919289
"NO071",2024,NA,NA,0,-6.49146795272827,4.09863185882568,2.40795111656189,7.20975589752197,79.2417602539062,84.1311569213867,0.000964935054071248,0.00187084812205285,0.0113095659762621
"SEG226083",2024,NA,NA,0,-11.3314847946167,3.3348433971405,1.23103094100952,1.99317789077759,84.1695404052734,84.5062942504883,0.000281954504316673,0.000965959974564612,0.000634122756309807
"FI1D7",2018,NA,NA,0,-11.111554145813,2.18792533874512,1.05622410774231,1.7758002281189,87.1478958129883,88.8489608764648,3.38717982231174e-05,0.000624497421085835,0.147940456867218
"FI1D7",2023,NA,NA,0,-8.11865234375,-0.84738564491272,1.28401756286621,2.5910325050354,87.0165405273438,88.091667175293,3.2845313398866e-05,0.000653247465379536,0.147870600223541
"FI1D7",2018,NA,NA,0,-11.111554145813,2.18792533874512,1.05622410774231,1.7758002281189,87.1478958129883,88.8489608764648,3.38717982231174e-05,0.000624497421085835,0.147940456867218
"NO071",2018,NA,NA,0,-6.83765459060669,3.99304509162903,2.78035736083984,6.37260103225708,76.5387496948242,84.0136337280273,0.00095589249394834,0.00170347688253969,0.0113119101151824
"NO071",2023,NA,NA,0,-4.02104711532593,0.559899687767029,3.54948568344116,4.05229997634888,80.7873229980469,82.7198028564453,0.000961713609285653,0.00184335315134376,0.0113100986927748
"NO071",2023,NA,NA,0,-4.02104711532593,0.559899687767029,3.54948568344116,4.05229997634888,80.7873229980469,82.7198028564453,0.000961713609285653,0.00184335315134376,0.0113100986927748
"FI1D7",2024,NA,NA,0,-11.6637802124023,2.61758828163147,1.28522217273712,2.06197094917297,84.432014465332,85.8878173828125,3.20221879519522e-05,0.000658986798953265,0.147836521267891
"NO071",2023,NA,NA,0,-4.02104711532593,0.559899687767029,3.54948568344116,4.05229997634888,80.7873229980469,82.7198028564453,0.000961713609285653,0.00184335315134376,0.0113100986927748
"NO071",2018,NA,NA,0,-6.83765459060669,3.99304509162903,2.78035736083984,6.37260103225708,76.5387496948242,84.0136337280273,0.00095589249394834,0.00170347688253969,0.0113119101151824
"SEG226211",2017,NA,NA,0,-5.87259149551392,1.02881908416748,1.9439594745636,3.11195707321167,86.2853927612305,88.5238800048828,5.47841864317888e-07,9.73943242570385e-05,0
"FI1D9",2023,NA,NA,0,-5.85472059249878,1.67249226570129,1.38626682758331,2.59655094146729,88.9668197631836,89.504035949707,0.000192293315194547,0.00326379830949008,0.244898274540901
"NO071",2023,NA,NA,0,-4.02104711532593,0.559899687767029,3.54948568344116,4.05229997634888,80.7873229980469,82.7198028564453,0.000961713609285653,0.00184335315134376,0.0113100986927748
"NO071",2018,NA,NA,0,-6.83765459060669,3.99304509162903,2.78035736083984,6.37260103225708,76.5387496948242,84.0136337280273,0.00095589249394834,0.00170347688253969,0.0113119101151824
"NO071",2022,NA,NA,0,-5.8817572593689,3.7210202217102,5.31324672698975,3.56666803359985,78.7425994873047,81.5367965698242,0.00095741607947275,0.00181585818063468,0.0113106295466423
"NO071",2023,NA,NA,0,-4.02104711532593,0.559899687767029,3.54948568344116,4.05229997634888,80.7873229980469,82.7198028564453,0.000961713609285653,0.00184335315134376,0.0113100986927748
"SEG226214",2024,NA,NA,0,-9.92968559265137,2.95216631889343,1.66017007827759,2.77602052688599,83.5838394165039,85.8527755737305,3.56644977728138e-06,0.00017477766959928,0
"FI1D8",2021,NA,NA,0,-9.49558544158936,2.14970827102661,1.96300137042999,2.60209107398987,88.5560607910156,89.6255340576172,7.30478632249287e-06,0.00113987945951521,0.305758446455002
"NO061",2023,NA,NA,0,-3.96368408203125,2.07747650146484,2.64501261711121,3.74469923973083,80.9062347412109,81.9353637695312,0.00389456376433372,0.00560653582215309,0.00338039104826748
"NO062",2024,NA,NA,0,-5.45732593536377,5.17485237121582,1.92359304428101,5.76465940475464,80.8711547851562,86.4187698364258,0.00365856080316007,0.00180812703911215,0.00235211127437651
"FI1D8",2023,NA,NA,0,-6.34614515304565,1.66996943950653,1.63815462589264,2.72978901863098,89.3391952514648,89.8284378051758,7.30988313080161e-06,0.00116026820614934,0.30557569861412
"FI1D8",2019,NA,NA,0,-8.80380725860596,1.78238070011139,1.81830298900604,2.86978268623352,88.6480026245117,90.5710830688477,8.34834008855978e-06,0.00111741339787841,0.305764615535736
"NO061",2010,NA,NA,0,-8.35999774932861,1.15527367591858,3.07253050804138,2.60622048377991,79.2004013061523,80.3238754272461,0.00436437223106623,0.00455877045169473,0.00338067417033017
"NO061",2017,NA,NA,0,-1.44497787952423,3.79586720466614,3.28916907310486,3.32795882225037,82.4168014526367,81.1532974243164,0.00412743631750345,0.00511964689940214,0.00338043388910592
"SEG226220",2023,NA,NA,0,-6.21382093429565,1.69580698013306,1.3298704624176,2.28850030899048,83.8450927734375,82.8950119018555,0.000766489945817739,0.00122867210302502,0
"FI1D3",2024,NA,NA,0,-10.2506484985352,6.23668479919434,1.54669797420502,1.83928644657135,86.258918762207,87.6757507324219,0.00034015194978565,0.00350921740755439,0.0395799353718758
"NO061",2022,NA,NA,0,-3.30197978019714,5.03298044204712,3.05188250541687,3.01548290252686,80.9045562744141,81.3680191040039,0.0039217583835125,0.00552515080198646,0.0033803922124207
"NO061",2024,NA,NA,0,-5.25309896469116,4.71361303329468,1.49071216583252,4.87271022796631,79.3040390014648,83.9862365722656,0.00386736751534045,0.00568792130798101,0.00338039011694491
"SEG226033",2024,NA,NA,0,-7.82377862930298,3.75887107849121,1.41449296474457,3.36900115013123,81.3196105957031,85.1975250244141,0.000624370703008026,0.000458120252005756,0
"SEG226033",2017,NA,NA,0,-3.44864869117737,2.1657223701477,2.64023160934448,2.70373582839966,85.8935546875,86.5497131347656,0.00055585167137906,0.000396509160054848,0
"NO053",2023,NA,NA,0,-2.71590733528137,3.20640063285828,3.52650356292725,5.24522686004639,79.4653549194336,80.1651611328125,0.000764806754887104,0.00430752988904715,0.0170704163610935
"NO061",2010,NA,NA,0,-8.35999774932861,1.15527367591858,3.07253050804138,2.60622048377991,79.2004013061523,80.3238754272461,0.00436437223106623,0.00455877045169473,0.00338067417033017
"SEG226034",2022,NA,NA,0,-6.07655477523804,3.40672397613525,1.37073791027069,1.99788582324982,79.1787643432617,84.4129943847656,0.00075530115282163,0.000458819093182683,0.210524946451187
"NO053",2024,NA,NA,0,-3.48236203193665,5.34160470962524,2.24884843826294,6.82253456115723,78.5991668701172,83.9994277954102,0.000768892699852586,0.00437732832506299,0.0170693714171648
"NO052",2023,NA,NA,0,-3.49518489837646,2.80151081085205,3.3998749256134,6.44737482070923,83.0883636474609,81.6525573730469,0.000412325985962525,0.00232941634021699,0.00533344456925988
"NO052",2019,NA,NA,0,-2.1668004989624,2.44690585136414,4.22151899337769,5.07414197921753,82.2981643676758,82.2744064331055,0.000417987816035748,0.00216147350147367,0.00533375330269337
"NO052",2020,NA,NA,0,-0.66583526134491,5.22602558135986,5.70174264907837,9.11508083343506,83.7414932250977,83.8129425048828,0.000416099850554019,0.0022060670889914,0.00533347437158227
"NO052",2024,NA,NA,0,-4.48706722259521,4.75516319274902,3.50454258918762,7.63591289520264,81.7494964599609,85.9412078857422,0.000411741406423971,0.00237072049640119,0.00533342966809869
"NO022",2018,NA,NA,0,-8.69930267333984,1.94494462013245,1.39517021179199,3.31175017356873,83.986572265625,81.8638229370117,0.00722928205505013,0.00300269690342247,0
"NO052",2010,NA,NA,0,-8.16512107849121,1.3936802148819,4.49478387832642,5.05097961425781,75.4113540649414,78.4311599731445,0.000419459363911301,0.0018566035432741,0.00533572537824512
"NO052",2024,NA,NA,0,-4.48706722259521,4.75516319274902,3.50454258918762,7.63591289520264,81.7494964599609,85.9412078857422,0.000411741406423971,0.00237072049640119,0.00533342966809869
"NO052",2024,NA,NA,0,-4.48706722259521,4.75516319274902,3.50454258918762,7.63591289520264,81.7494964599609,85.9412078857422,0.000411741406423971,0.00237072049640119,0.00533342966809869
"NO052",2023,NA,NA,0,-3.49518489837646,2.80151081085205,3.3998749256134,6.44737482070923,83.0883636474609,81.6525573730469,0.000412325985962525,0.00232941634021699,0.00533344456925988
"NO022",2023,NA,NA,0,-8.25120067596436,0.0848714038729668,2.30425214767456,2.86322951316833,83.2659530639648,82.9524154663086,0.00724130449816585,0.00324503262527287,0
"FI197",2017,NA,NA,0,-3.4326286315918,5.2590765953064,1.32172465324402,2.50721144676208,90.686897277832,92.2138442993164,0.000963048601988703,0.0130490697920322,0.69626259803772
"NO051",2022,NA,NA,0,-1.58837592601776,6.07908153533936,3.342453956604,6.98260402679443,83.8055191040039,81.7850570678711,0.000329812115523964,0.00714966095983982,0.000709026353433728
"NO051",2018,NA,NA,0,-2.72638010978699,4.90444183349609,2.74424266815186,10.8676462173462,82.8757858276367,82.5666275024414,0.000336245546350256,0.00668123038485646,0.000709037529304624
"NO051",2023,NA,NA,0,-2.46855878829956,3.88214087486267,3.4088146686554,6.88442277908325,84.3475952148438,81.5139541625977,0.000328978465404361,0.00726769724860787,0.000709026353433728
"NO052",2014,NA,NA,0,-1.7213751077652,5.60229969024658,5.33470010757446,6.79280805587769,75.5437774658203,80.5638122558594,0.000415481103118509,0.0019720618147403,0.0053346324712038
"FI1C2",2020,NA,NA,0,0.521972119808197,7.83549785614014,1.73052096366882,2.06344962120056,89.9801864624023,89.0098876953125,0.00219069723971188,0.0137494849041104,0.578689813613892
"NO051",2023,NA,NA,0,-2.46855878829956,3.88214087486267,3.4088146686554,6.88442277908325,84.3475952148438,81.5139541625977,0.000328978465404361,0.00726769724860787,0.000709026353433728
"NO051",2018,NA,NA,0,-2.72638010978699,4.90444183349609,2.74424266815186,10.8676462173462,82.8757858276367,82.5666275024414,0.000336245546350256,0.00668123038485646,0.000709037529304624
"NO032",2023,NA,NA,0,-6.41089057922363,2.10736465454102,2.64422035217285,3.23632526397705,84.1748504638672,82.0739212036133,0.00648738024756312,0.00852198339998722,0
"NO032",2023,NA,NA,0,-6.41089057922363,2.10736465454102,2.64422035217285,3.23632526397705,84.1748504638672,82.0739212036133,0.00648738024756312,0.00852198339998722,0
"SE311",2018,NA,NA,0,-2.99385237693787,7.06439018249512,1.07163691520691,2.13167667388916,89.7398223876953,83.7596664428711,0.0122669069096446,0.00838720332831144,0.0118987234309316
"NO051",2022,NA,NA,0,-1.58837592601776,6.07908153533936,3.342453956604,6.98260402679443,83.8055191040039,81.7850570678711,0.000329812115523964,0.00714966095983982,0.000709026353433728
"NO051",2024,NA,NA,0,-3.55446529388428,5.6307578086853,4.2699761390686,7.24410104751587,82.6342315673828,86.454345703125,0.000328144698869437,0.00738573353737593,0.000709026353433728
"NO051",2023,NA,NA,0,-2.46855878829956,3.88214087486267,3.4088146686554,6.88442277908325,84.3475952148438,81.5139541625977,0.000328978465404361,0.00726769724860787,0.000709026353433728
"NO034",2024,NA,NA,0,-6.01617813110352,5.31318140029907,3.35793423652649,3.34418439865112,83.9206619262695,84.9865188598633,0.00272450130432844,0.00304852402769029,0.000458959810202941
"NO034",2022,NA,NA,0,-3.26387691497803,5.46029233932495,1.20364618301392,5.69564723968506,81.3521347045898,85.7991333007812,0.00259950733743608,0.00294227059930563,0.000459110713563859
"NO043",2023,NA,NA,0,-0.0713874250650406,6.1785888671875,3.26073622703552,6.74852705001831,86.0423126220703,81.7113342285156,0.0102502796798944,0.0109339812770486,0.034260842949152
"NO043",2017,NA,NA,0,1.26326775550842,7.00208759307861,5.15796089172363,9.96718311309814,84.6307525634766,83.9444580078125,0.0106877516955137,0.0100579019635916,0.0343039780855179
"NO034",2018,NA,NA,0,-5.14737844467163,4.80755615234375,1.5912594795227,4.45522737503052,85.2772521972656,81.9464874267578,0.00257974094711244,0.00272921333089471,0.000459208356915042
"NO033",2023,NA,NA,0,-0.862270057201385,7.14314460754395,2.53118491172791,3.62242960929871,83.968635559082,80.0658493041992,0.0355916246771812,0.0508747510612011,0.000683624122757465
"NO043",2023,NA,NA,0,-0.0713874250650406,6.1785888671875,3.26073622703552,6.74852705001831,86.0423126220703,81.7113342285156,0.0102502796798944,0.0109339812770486,0.034260842949152
"NO043",2018,NA,NA,0,-0.817217528820038,6.91956758499146,2.36670851707458,9.65543174743652,83.4360885620117,83.4539031982422,0.0103468708693981,0.0102122994139791,0.0343019105494022
"SE232",2024,NA,NA,0,-1.13641834259033,9.06595706939697,2.00608158111572,1.93438959121704,88.6589050292969,83.7836761474609,0.023335263133049,0.0109961610287428,0.156662866473198
"SE123",2023,NA,NA,0,0.00445701275020838,7.68727159500122,1.43613648414612,2.39435505867004,87.0243377685547,85.9625778198242,0.0184844061732292,0.010091139934957,0.388228982686996
"UKM61",2023,NA,NA,0,4.46780967712402,9.10653400421143,2.39605164527893,4.4338493347168,84.3976898193359,85.1327362060547,0.0715297982096672,0.00100326456595212,5.33165074589892e-11
"NO042",2024,NA,NA,0,-1.81466722488403,7.49954843521118,4.33447504043579,4.30312538146973,86.6920318603516,86.6182861328125,0.000506492506247014,0.00614714296534657,0.000921923376154155
"UKM61",2022,NA,NA,0,4.83158540725708,10.2322692871094,3.03916597366333,4.40078926086426,84.223747253418,84.8811874389648,0.0717486441135406,0.000995779992081225,5.33165074589892e-11
"UKM64",2024,NA,NA,0,6.76750707626343,10.7116394042969,2.58838081359863,3.49239349365234,79.0238876342773,81.9371337890625,0.0675806179642677,0.000327151617966592,5.10191500158186e-10
"UKM63",2024,NA,NA,0,5.15015506744385,9.71487617492676,4.01269149780273,3.85841584205627,86.3827133178711,85.1374740600586,0.0576882995665073,0.000825564202386886,4.48408254971611e-11
"UKM63",2017,NA,NA,0,5.98743391036987,9.54622173309326,3.2278790473938,6.48571109771729,85.9938201904297,85.1751556396484,0.0595633797347546,0.000782196293585002,4.48408254971611e-11
"UKM62",2023,NA,NA,0,3.20821785926819,8.18037986755371,2.34341883659363,4.1975564956665,86.8720550537109,86.7305603027344,0.1327965259552,0.00425270572304726,9.31803523229746e-11
"SE213",2023,NA,NA,0,0.992786288261414,8.79999446868896,1.09949064254761,2.10285329818726,86.2371597290039,85.3601684570312,0.00981633923947811,0.00531132472679019,0.535511374473572
"SE214",2017,NA,NA,0,2.10101318359375,9.87549877166748,1.05926787853241,2.85301399230957,82.9670181274414,83.7204818725586,0.0105396984145045,0.00250490708276629,0.15332992374897
"LV008",2018,NA,NA,0,-3.50219774246216,7.6893367767334,1.09493470191956,1.67575740814209,89.0164108276367,84.8089065551758,0.087903194129467,0.00551985204219818,0.332138299942017
"UKM77",2014,NA,NA,0,3.83148312568665,9.26609706878662,3.21711874008179,3.8723292350769,89.3154449462891,88.0547256469727,0.191381454467773,0.0120254252105951,0
"DK05",2022,NA,NA,0,3.82970905303955,11.2505207061768,1.12107932567596,3.27218842506409,84.8066177368164,83.582405090332,0.0448443368077278,0.0259899627417326,0.0348356999456882
"SE212",2024,NA,NA,0,-0.138621091842651,8.884690284729,1.46569085121155,1.68790507316589,90.6235198974609,85.7745208740234,0.00878829695284367,0.00683538662269711,0.389869838953018
"SE213",2023,NA,NA,0,0.992786288261414,8.79999446868896,1.09949064254761,2.10285329818726,86.2371597290039,85.3601684570312,0.00981633923947811,0.00531132472679019,0.535511374473572
"UKM63",2015,NA,NA,0,4.36906957626343,9.64369201660156,5.64817190170288,4.98137712478638,85.0834579467773,84.7140808105469,0.0581515990197659,0.00076984940096736,4.48408254971611e-11
"UKM81",2023,NA,NA,0,4.22026777267456,9.22155094146729,3.09672498703003,5.2998833656311,88.1043014526367,87.8791122436523,0.226885706186295,0.07173852622509,0
"LV009",2023,NA,NA,0,-1.64992368221283,8.25012302398682,1.17240357398987,2.45787048339844,88.7752914428711,84.8314895629883,0.0952542424201965,0.00740720564499497,0.197079807519913
"UKM94",2023,NA,NA,0,5.92891502380371,10.8473377227783,3.01918077468872,4.67243814468384,84.4874420166016,84.6532135009766,0.279120624065399,0.0196551438421011,1.51597044108481e-14
"UKM92",2023,NA,NA,0,5.10819339752197,10.4116287231445,3.02170872688293,4.18718338012695,86.3275680541992,86.3438186645508,0.340327680110931,0.00386492605321109,2.0069885423718e-12
"UKC2",2023,NA,NA,0,4.78225994110107,10.2746028900146,2.3128559589386,3.35419535636902,84.823860168457,86.1044006347656,0.406036674976349,0.0317914038896561,1.78976156811617e-11
"DK03",2022,NA,NA,0,3.98381853103638,11.2035312652588,1.27711451053619,2.66501498222351,87.4931945800781,84.8917694091797,0.052331417798996,0.0343363434076309,0.0087197357788682
"UKD1",2019,NA,NA,0,5.10361909866333,8.74598026275635,3.21032166481018,4.11879825592041,87.8891754150391,87.2927627563477,0.542600512504578,0.00891699828207493,0
"IEG11597",2020,NA,NA,0,6.61995363235474,10.7150382995605,2.03290629386902,4.93399143218994,84.2511672973633,84.7787017822266,0.305280297994614,0.00514829531311989,0
"DEF0",2023,NA,NA,0,3.68038845062256,11.4462623596191,1.83809864521027,3.15135025978088,87.161376953125,84.5650482177734,0.199123829603195,0.0665597915649414,3.42565908795223e-05
"PL637",2022,NA,NA,0,0.995316922664642,8.85183334350586,1.29343259334564,1.4033180475235,87.368782043457,86.3267517089844,0.0635132193565369,0.00521710934117436,1.68278313505965e-09
"PL623",2023,NA,NA,0,0.28438863158226,9.56558418273926,1.41463994979858,2.12318229675293,88.0248870849609,81.9709930419922,0.0955562070012093,0.00717246998101473,0.0165596790611744
"UKH1",2017,NA,NA,0,5.63647222518921,11.543532371521,1.58255791664124,1.79375243186951,87.8710174560547,82.3609619140625,0.242901980876923,0.026554649695754,4.89620323451678e-11
"NL13",2024,NA,NA,0,5.60005617141724,11.2341136932373,2.93017935752869,2.71240615844727,86.7648315429688,86.120849609375,0.228600978851318,0.0478030368685722,1.03121788885829e-09
"PL431",2023,NA,NA,0,2.49459075927734,11.5397415161133,1.8393886089325,2.09696173667908,85.2550659179688,80.4797134399414,0.0678615123033524,0.0109882708638906,9.04649299915405e-10
"UKG1",2021,NA,NA,0,4.5755820274353,11.7494401931763,2.04385209083557,1.96187651157379,88.2930145263672,83.9646987915039,0.327620446681976,0.0846709683537483,6.0668579535128e-12
"DEE0",2022,NA,NA,0,3.76305174827576,10.8974552154541,1.05326533317566,1.80121994018555,83.3941345214844,80.1168670654297,0.135755255818367,0.0472120940685272,1.28882071681602e-10
"IEG11585",2020,NA,NA,0,6.83467245101929,10.8686046600342,1.82851719856262,3.16340970993042,85.7627105712891,85.5691604614258,0.538988411426544,0.0111522618681192,1.18111319336034e-11
"UKL1",2022,NA,NA,0,6.94738912582397,12.2990016937256,2.07695412635803,5.00955486297607,85.3637847900391,84.1354522705078,0.420529156923294,0.0247823353856802,1.71531105291889e-11
"UKH2",2024,NA,NA,0,6.96652603149414,11.2540760040283,2.47091341018677,2.77660822868347,85.4322814941406,85.3444061279297,0.205634608864784,0.26281327009201,0
"UKJ2",2023,NA,NA,0,6.14008331298828,13.650182723999,2.65412592887878,3.73934984207153,85.5813751220703,83.0812225341797,0.205931097269058,0.17235042154789,3.44011708008907e-10
"UKJ4",2010,NA,NA,0,3.53194069862366,11.0010766983032,1.27794444561005,2.23749160766602,87.3881149291992,83.6382904052734,0.228892520070076,0.0938969552516937,1.20587741181399e-11
"PL812",2022,NA,NA,0,0.495835512876511,8.93761444091797,1.6905711889267,2.42392945289612,81.8253021240234,84.8782348632812,0.110461883246899,0.00934972055256367,0.0493556410074234
"BE32",2019,NA,NA,0,4.91912031173706,11.1133165359497,2.40386915206909,2.61287498474121,85.2112731933594,83.3055191040039,0.221584856510162,0.178326860070229,0
"FRD22",2023,NA,NA,0,5.84582662582397,13.9649820327759,2.73709559440613,3.7147946357727,85.1769790649414,82.7185974121094,0.213433280587196,0.0290422011166811,1.07607499300055e-10
"DEC0",2018,NA,NA,0,2.48849272727966,11.1086959838867,2.13775610923767,1.14477157592773,84.5034332275391,76.2694778442383,0.132588416337967,0.0967574715614319,0
"DE14",2022,NA,NA,0,2.06093811988831,10.4714136123657,2.41001129150391,3.31155562400818,83.1264266967773,84.6365585327148,0.151160076260567,0.0618679188191891,0
"FRB05",2023,NA,NA,0,5.63927745819092,14.8316888809204,2.07724475860596,2.80230712890625,84.0060043334961,77.5961837768555,0.145187377929688,0.017669390887022,8.05478687221362e-12
"FRC21",2022,NA,NA,0,2.74283218383789,12.0126447677612,2.5739848613739,4.80525779724121,83.2766952514648,82.5525512695312,0.171416327357292,0.0235641077160835,0
"HU213",2017,NA,NA,0,-0.521506071090698,10.8420505523682,1.54233753681183,3.11836290359497,79.3757171630859,79.5672378540039,0.0783045738935471,0.0166913159191608,3.43841566330383e-10
"RO215",2020,NA,NA,0,-0.210348322987556,9.0380392074585,2.29373359680176,1.63491725921631,77.4669723510742,81.7162551879883,0.124058127403259,0.00720991427078843,0.422486990690231
"AT21",2023,NA,NA,0,-1.63988184928894,8.90809059143066,4.24971103668213,4.39956617355347,81.0504989624023,81.0826187133789,0.0698015466332436,0.0156849082559347,0
"ITH44",2017,NA,NA,0,3.24692177772522,12.4963111877441,3.44764971733093,7.74559926986694,72.3172836303711,77.5860214233398,0.136788234114647,0.0480719991028309,0
"SI038",2023,NA,NA,0,3.09943008422852,12.9494171142578,4.23285293579102,6.53634643554688,83.7019577026367,82.3798675537109,0.125998318195343,0.00462681008502841,0
"SI037",2018,NA,NA,0,1.70413661003113,11.9298496246338,3.93872952461243,2.90702748298645,84.0622940063477,82.5473709106445,0.134873762726784,0.00657328404486179,0
"ITC11",2014,NA,NA,0,-0.07467982172966,10.108097076416,3.30697584152222,5.37090873718262,74.0359039306641,80.1495666503906,0.0889090523123741,0.0665857344865799,0
"HR036",2023,NA,NA,0,7.56499338150024,17.4087963104248,2.7839777469635,6.32046222686768,77.6746139526367,74.9072875976562,0.0925436019897461,0.0139968786388636,0.012560791336
"HR031",2023,NA,NA,0,5.20476531982422,15.0451993942261,3.62251901626587,7.10695791244507,82.1582183837891,79.4558181762695,0.035171490162611,0.0051970505155623,0.0106426365673542
"RO225",2023,NA,NA,0,4.14642667770386,15.8432540893555,1.80489933490753,1.82718420028687,83.0948944091797,68.6674118041992,0.116167783737183,0.00694123329594731,0.0780953764915466
"RO311",2023,NA,NA,0,1.69527971744537,12.0164794921875,2.31027102470398,1.50216209888458,83.8819732666016,72.8517990112305,0.108839973807335,0.00868580769747496,0.126281157135963
"BG312",2018,NA,NA,0,1.83971750736237,12.2312488555908,2.30607032775879,1.05829811096191,82.3643417358398,71.6241226196289,0.203141808509827,0.0045425589196384,0.0381849035620689
"ES111",2020,NA,NA,0,10.6348056793213,15.0725154876709,3.249098777771,3.26331257820129,83.1657257080078,81.5822143554688,0.0393912754952908,0.0186300706118345,0.029994135722518
"ES213",2010,NA,NA,0,7.55457305908203,13.8327379226685,2.39147520065308,3.60280060768127,76.8200912475586,77.0034561157227,0.0686929002404213,0.0487966649234295,0.107337854802608
"MEG125358",2024,NA,NA,0,2.50445294380188,9.63315486907959,4.2780122756958,5.37535953521729,80.1363677978516,79.0936431884766,0.0597204752266407,0.00160117784980685,0
"MEG125350",2019,NA,NA,0,-1.56537473201752,10.5165348052979,4.42676544189453,4.02543592453003,77.6247863769531,77.0970458984375,0.0287056341767311,0.00212716218084097,0
"ES114",2020,NA,NA,0,9.6952018737793,14.4472341537476,4.11305141448975,3.75271582603455,84.6083068847656,81.3446197509766,0.0993451252579689,0.0230907369405031,0
"ES413",2022,NA,NA,0,5.00777101516724,12.2885627746582,2.44451212882996,2.85005140304565,75.1850738525391,73.966682434082,0.109692953526974,0.0053079123608768,0.0545254126191139
"MEG125365",2023,NA,NA,0,5.46204328536987,14.8831176757812,5.43086004257202,7.88990879058838,78.4539794921875,75.5659332275391,0.0974360778927803,0.0151477614417672,6.41289007035084e-05
"AL015",2022,NA,NA,0,2.97473478317261,13.4708080291748,3.95541477203369,7.83503341674805,74.5305633544922,74.8584213256836,0.0689357966184616,0.00975167378783226,0.00285203661769629
"AL013",2024,NA,NA,0,3.75377202033997,11.1021785736084,4.15017700195312,4.63451480865479,77.0315093994141,75.5599517822266,0.123230025172234,0.0136862313374877,0
"PT111",2022,NA,NA,0,9.72925853729248,15.4807262420654,3.68553519248962,8.95393085479736,79.9514007568359,84.2510528564453,0.145243614912033,0.0242437906563282,0
"PT112",2020,NA,NA,0,9.86065578460693,14.7407312393188,4.81228017807007,4.38898658752441,83.2666015625,79.3103713989258,0.12575651705265,0.0442988388240337,0
"PT11B",2019,NA,NA,0,6.82757377624512,13.1111307144165,2.46289110183716,4.16973495483398,80.1714096069336,78.5516357421875,0.182379364967346,0.00572562357410789,0.00567174376919866
"ES243",2023,NA,NA,0,6.35607147216797,16.8138523101807,0.59028422832489,1.70317590236664,71.5954055786133,64.4494171142578,0.0568201690912247,0.00787298753857613,0.0886602327227592
"AL014",2020,NA,NA,0,5.77513074874878,14.7540416717529,3.36914849281311,4.88094663619995,71.5623397827148,72.4909210205078,0.0944279655814171,0.00807357951998711,4.66041410618345e-06
"BG422",2023,NA,NA,0,5.99806261062622,16.9117813110352,2.4809558391571,1.38169598579407,78.854362487793,66.0502014160156,0.137001201510429,0.00640097167342901,0.0343571677803993
"PT11C",2010,NA,NA,0,7.42805337905884,13.8662519454956,3.45322132110596,4.54720544815063,83.110725402832,77.7035598754883,0.146926462650299,0.0300044436007738,0
"AL022",2022,NA,NA,0,6.90913486480713,16.4660968780518,2.70797514915466,4.76327323913574,70.7598114013672,72.1066818237305,0.120867349207401,0.0292025208473206,0.00140363385435194
"AL032",2021,NA,NA,0,9.99322605133057,17.5272560119629,2.41581749916077,3.50872564315796,74.99072265625,71.0326538085938,0.174009546637535,0.0179729796946049,0.0130875101312995
"AL021",2023,NA,NA,0,5.68725633621216,15.4936895370483,4.45933818817139,4.77109956741333,77.288932800293,71.1981430053711,0.127857267856598,0.0130595844238997,0
"EL533",2022,NA,NA,0,2.05615210533142,12.8182706832886,1.90748798847198,1.87921464443207,73.6185836791992,69.1621246337891,0.121835105121136,0.00242293509654701,0.249321267008781
"PT16E",2018,NA,NA,0,8.92227077484131,16.2564125061035,6.06934785842896,3.54010510444641,79.6381225585938,74.7805786132812,0.161041304469109,0.021591717377305,0.145708754658699
"PT16H",2017,NA,NA,0,8.68118762969971,17.410758972168,1.42825102806091,0.684826850891113,78.5189514160156,54.8573150634766,0.190223962068558,0.00464981980621815,0.446335762739182
"ES522",2018,NA,NA,0,8.12455654144287,16.2299480438232,2.11493682861328,3.34851503372192,63.6181373596191,73.7078475952148,0.025022791698575,0.0133394189178944,0.29563769698143
"AL035",2017,NA,NA,0,7.37045860290527,16.0218067169189,2.32365226745605,5.03197574615479,68.7602233886719,72.4361877441406,0.183701723814011,0.00301634590141475,0.00653066905215383
"AL033",2021,NA,NA,0,6.88547134399414,14.5635271072388,2.35619306564331,5.15201997756958,78.3024597167969,72.5691604614258,0.203021675348282,0.00263807503506541,0.00916584860533476
"EL543",2023,NA,NA,0,5.28699254989624,14.6874828338623,4.36674928665161,5.76916360855103,78.4715576171875,76.2808303833008,0.0598221123218536,0.00336778699420393,0.144419804215431
"PT16I",2023,NA,NA,0,10.6475858688354,17.7057857513428,1.20307087898254,3.75694012641907,78.7223510742188,78.0332717895508,0.1772600710392,0.0135771688073874,0.528674185276031
"ES432",2020,NA,NA,0,9.51063251495361,16.4560070037842,2.61367321014404,3.23751521110535,77.9012756347656,64.2961578369141,0.153966039419174,0.0031274335924536,0.265768647193909
"ES432",2024,NA,NA,0,9.30969047546387,16.9959716796875,2.18065714836121,2.7835168838501,80.1997909545898,69.0426406860352,0.164932981133461,0.00325733656063676,0.259489446878433
"EL622",2014,NA,NA,0,12.8303985595703,19.3240070343018,3.19093084335327,6.64447593688965,71.7261123657227,74.9207992553711,0.0518107749521732,0.00268678599968553,0.0224627777934074
"AL035",2024,NA,NA,0,9.99841117858887,17.2426738739014,3.31968307495117,4.39777660369873,74.9080276489258,73.6904907226562,0.165867686271667,0.0033799062948674,0.00644998857751489
"EL543",2018,NA,NA,0,4.55788278579712,13.7562999725342,4.89167261123657,3.05350470542908,79.1036605834961,69.8727416992188,0.0629467368125916,0.00319471606053412,0.145101800560951
"EL611",2023,NA,NA,0,6.15170621871948,15.4919328689575,3.44755935668945,6.51013565063477,77.1626510620117,74.790168762207,0.105712041258812,0.00309943850152194,0.131212621927261
"EL612",2018,NA,NA,0,7.36212062835693,16.4679126739502,1.75033104419708,2.25039124488831,75.6120681762695,69.8737869262695,0.0482492707669735,0.00420951470732689,0.0493394136428833
"PT185",2019,NA,NA,0,10.6585884094238,17.6381912231445,1.46650338172913,1.64184093475342,79.3933334350586,74.2345275878906,0.230263590812683,0.0164564568549395,0.345303028821945
"PT170",2007,NA,NA,0,11.6795053482056,17.5860080718994,1.11086142063141,0.991946816444397,81.3542022705078,70.939582824707,0.162593379616737,0.108490541577339,0.196193367242813
"ES431",2023,NA,NA,0,9.53853702545166,18.1981945037842,0.71527773141861,2.08452200889587,74.9205093383789,66.4293060302734,0.217463880777359,0.00542083289474249,0.18885762989521
"ES431",2023,NA,NA,0,9.53853702545166,18.1981945037842,0.71527773141861,2.08452200889587,74.9205093383789,66.4293060302734,0.217463880777359,0.00542083289474249,0.18885762989521
"EL631",2023,NA,NA,0,9.06525707244873,18.340726852417,3.68830466270447,5.52311706542969,78.454231262207,75.8080062866211,0.105946511030197,0.00387884001247585,0.107207700610161
"ES431",2023,NA,NA,0,9.53853702545166,18.1981945037842,0.71527773141861,2.08452200889587,74.9205093383789,66.4293060302734,0.217463880777359,0.00542083289474249,0.18885762989521
"EL632",2020,NA,NA,0,7.85507392883301,16.79469871521,2.05969905853271,2.0998682975769,76.7311172485352,71.2651519775391,0.148044213652611,0.00511033181101084,0.0698714330792427
"PT184",2022,NA,NA,0,11.6908121109009,18.8455581665039,1.87080442905426,1.26195073127747,73.4723510742188,71.8144760131836,0.241718396544456,0.00360852037556469,0.254025638103485
"ES618",2015,NA,NA,0,9.51239204406738,18.8363380432129,1.08107280731201,1.77964961528778,73.9922027587891,67.4598922729492,0.212415739893913,0.0193691737949848,0.15984371304512
"ES613",2024,NA,NA,0,10.2928943634033,18.3403739929199,2.13648533821106,2.1950843334198,76.4924850463867,66.7983016967773,0.227454587817192,0.00917677022516727,0.194909408688545
"ITG17",2022,NA,NA,0,9.57564830780029,19.2076854705811,1.49824345111847,2.25425505638123,77.7197723388672,77.7220993041992,0.0742874220013618,0.0336261242628098,2.30786556532081e-10
"EL621",2023,NA,NA,0,14.3093719482422,22.1251773834229,2.47617816925049,2.43240284919739,72.6165008544922,75.0450057983398,0.0451713837683201,0.00126620451919734,0.00339919375255704
"EL633",2017,NA,NA,0,8.32416534423828,17.4456005096436,1.37905895709991,2.75522708892822,73.8167266845703,70.3919219970703,0.14228655397892,0.00293228588998318,0.039311345666647
"PT150",2015,NA,NA,0,10.7932996749878,18.1027088165283,0.886922776699066,2.08277535438538,76.3615417480469,75.0947418212891,0.136717855930328,0.0095551460981369,0.294627487659454
"PT150",2018,NA,NA,0,11.1795244216919,18.7776775360107,3.10272336006165,1.43837451934814,72.9792175292969,72.7599868774414,0.158846914768219,0.00987137854099274,0.281871169805527
"ES618",2019,NA,NA,0,10.6852989196777,18.9391975402832,0.845992028713226,1.0473837852478,72.023193359375,63.5487861633301,0.235818594694138,0.0201707854866982,0.157620266079903
"ES618",2024,NA,NA,0,11.8091554641724,19.132417678833,1.77463328838348,2.56809496879578,77.3205184936523,71.1822128295898,0.255578219890594,0.0210716184228659,0.155327588319778
"ES612",2018,NA,NA,0,11.2620706558228,19.1199932098389,4.76392936706543,3.2018346786499,75.7114028930664,75.8323135375977,0.195646986365318,0.0113244419917464,0.165804013609886
"ES617",2023,NA,NA,0,11.420108795166,18.5218238830566,0.884213328361511,1.11828112602234,74.3286437988281,69.9652938842773,0.17530146241188,0.0205185934901237,0.170392215251923
"ITG18",2018,NA,NA,0,12.1696710586548,20.6080322265625,0.770595133304596,3.55734324455261,73.2167663574219,77.4681091308594,0,0.0215971730649471,2.10679794465131e-15
"EL653",2020,NA,NA,0,10.5518035888672,19.2254161834717,1.42095720767975,2.00336575508118,71.9004592895508,67.5585556030273,0.138596624135971,0.00183179555460811,0.033349271863699
"EL434",2020,NA,NA,0,12.7211170196533,20.8511772155762,1.14941537380219,2.52499914169312,73.9530715942383,70.9192352294922,0.0952523350715637,0.0014495215145871,0.0324725769460201
